dist_tol: 1
points:
  - n: 1
    position: 
      x: 80.32518768310547
      y: -4.39835786819458
      z: 0.0
    orientation: 
      x: 0.0
      y: 0.0
      z: -0.9779193720812144
      w: 0.20898253924259663
  - n: 1
    position: 
      x: 85.18770599365234
      y: -1.4547388553619385
      z: 0.0
    orientation: 
      x: 0.0
      y: 0.0
      z: -0.9561964169793487
      w: 0.29272583103623717
