dist_tol: 0.5
points:
  - n: 1
    position: 
      x: -33.165496826171875
      y: -133.64508056640625
      z: 0.0
    orientation: 
      x: 0.0
      y: 0.0
      z: 0.2917503582235015
      w: 0.956494499971881
