dist_tol: 1
points:
  - n: 1
    position: 
      x: 5.582217693328857
      y: -2.6180014610290527
      z: 0.0
    orientation: 
      x: 0.0
      y: 0.0
      z: -0.15207095453320382
      w: 0.9883695790479188
  - n: 1
    position: 
      x: 9.863012313842773
      y: 2.3889036178588867
      z: 0.0
    orientation: 
      x: 0.0
      y: 0.0
      z: 0.3586585237024683
      w: 0.9334688336391129
