dist_tol: 0.5
points:
  - n: 1
    position: 
      x: -13.099164009094238
      y: -106.66770935058594
      z: 0.0
    orientation: 
      x: 0.0
      y: 0.0
      z: -0.8470349201495894
      w: 0.5315372461523075
  - n: 1
    position: 
      x: -10.90788459777832
      y: -102.28205871582031
      z: 0.0
    orientation: 
      x: 0.0
      y: 0.0
      z: -0.8524503510240442
      w: 0.522808185703881
