# oST version 5.0 parameters


[image]

width
1280

height
720

[narrow_stereo/left]

camera matrix
838.480372 0.000000 662.744012
0.000000 846.156936 524.280326
0.000000 0.000000 1.000000

distortion
0.024622 -0.026477 -0.001125 -0.002820 0.000000

rectification
0.995189 -0.022492 0.095352
0.022478 0.999747 0.001220
-0.095355 0.000929 0.995443

projection
976.381636 0.000000 552.232559 0.000000
0.000000 976.381636 525.862469 0.000000
0.000000 0.000000 1.000000 0.000000
# oST version 5.0 parameters


[image]

width
1280

height
720

[narrow_stereo/right]

camera matrix
833.174255 0.000000 700.357211
0.000000 840.202893 527.717417
0.000000 0.000000 1.000000

distortion
0.019580 -0.023897 -0.001087 -0.003665 0.000000

rectification
0.996088 -0.019629 0.086158
0.019642 0.999807 0.000702
-0.086155 0.000993 0.996281

projection
976.381636 0.000000 552.232559 -57.801160
0.000000 976.381636 525.862469 0.000000
0.000000 0.000000 1.000000 0.000000
