image_width: 1280
image_height: 720
camera_name: narrow_stereo/right
camera_matrix:
  rows: 3
  cols: 3
  data: [833.17426,   0.     , 700.35721,
           0.     , 840.20289, 527.71742,
           0.     ,   0.     ,   1.     ]
distortion_model: plumb_bob
distortion_coefficients:
  rows: 1
  cols: 5
  data: [0.019580, -0.023897, -0.001087, -0.003665, 0.000000]
rectification_matrix:
  rows: 3
  cols: 3
  data: [ 0.99608811, -0.01962949,  0.08615774,
          0.01964206,  0.99980683,  0.0007019 ,
         -0.08615488,  0.00099316,  0.99628126]
projection_matrix:
  rows: 3
  cols: 4
  data: [976.38164,   0.     , 552.23256, -57.80116,
           0.     , 976.38164, 525.86247,   0.     ,
           0.     ,   0.     ,   1.     ,   0.     ]
