image_width: 1280
image_height: 720
camera_name: narrow_stereo/left
camera_matrix:
  rows: 3
  cols: 3
  data: [939.98729,   0.     , 596.59361,
           0.     , 939.2489 , 366.46813,
           0.     ,   0.     ,   1.     ]
distortion_model: plumb_bob
distortion_coefficients:
  rows: 1
  cols: 5
  data: [-0.370824, 0.120230, 0.004384, 0.003293, 0.000000]
rectification_matrix:
  rows: 3
  cols: 3
  data: [ 0.99976315,  0.00494576, -0.02119387,
         -0.0047031 ,  0.999923  ,  0.01148385,
          0.02124903, -0.01138145,  0.99970943]
projection_matrix:
  rows: 3
  cols: 4
  data: [924.88164,   0.     , 649.70577,   0.     ,
           0.     , 924.88164, 374.35094,   0.     ,
           0.     ,   0.     ,   1.     ,   0.     ]
