# oST version 5.0 parameters


[image]

width
640

height
480

[narrow_stereo/left]

camera matrix
579.136709 0.000000 320.620609
0.000000 580.990934 272.297051
0.000000 0.000000 1.000000

distortion
-0.353538 0.122840 -0.006682 0.001999 0.000000

rectification
0.999360 0.009823 -0.034399
-0.009522 0.999915 0.008915
0.034483 -0.008582 0.999368

projection
555.458836 0.000000 320.630081 0.000000
0.000000 555.458836 265.200001 0.000000
0.000000 0.000000 1.000000 0.000000
# oST version 5.0 parameters


[image]

width
640

height
480

[narrow_stereo/right]

camera matrix
583.259549 0.000000 299.772136
0.000000 584.612429 256.113139
0.000000 0.000000 1.000000

distortion
-0.343449 0.103231 -0.001552 -0.002729 0.000000

rectification
0.999963 0.005601 -0.006478
-0.005658 0.999946 -0.008732
0.006429 0.008768 0.999941

projection
555.458836 0.000000 320.630081 -334.986277
0.000000 555.458836 265.200001 0.000000
0.000000 0.000000 1.000000 0.000000
