image_width: 640
image_height: 480
camera_name: narrow_stereo/left
camera_matrix:
  rows: 3
  cols: 3
  data: [592.28671,   0.     , 297.8975 ,
           0.     , 595.86772, 238.28159,
           0.     ,   0.     ,   1.     ]
distortion_model: plumb_bob
distortion_coefficients:
  rows: 1
  cols: 5
  data: [-0.347918, 0.121478, 0.000752, 0.001178, 0.000000]
rectification_matrix:
  rows: 3
  cols: 3
  data: [ 0.99627537,  0.03630547, -0.07821314,
         -0.03562037,  0.99931398,  0.0101373 ,
          0.07852752, -0.00731356,  0.99688512]
projection_matrix:
  rows: 3
  cols: 4
  data: [566.57856,   0.     , 376.40904,   0.     ,
           0.     , 566.57856, 235.27364,   0.     ,
           0.     ,   0.     ,   1.     ,   0.     ]
