image_width: 640
image_height: 480
camera_name: narrow_stereo/left
camera_matrix:
  rows: 3
  cols: 3
  data: [571.72343,   0.     , 332.71002,
           0.     , 573.10486, 234.21834,
           0.     ,   0.     ,   1.     ]
distortion_model: plumb_bob
distortion_coefficients:
  rows: 1
  cols: 5
  data: [-0.331471, 0.123105, -0.004657, -0.001953, 0.000000]
rectification_matrix:
  rows: 3
  cols: 3
  data: [ 0.99989362, -0.00847591,  0.01187035,
          0.00873887,  0.9997136 , -0.02227878,
         -0.01167812,  0.02238015,  0.99968132]
projection_matrix:
  rows: 3
  cols: 4
  data: [586.85177,   0.     , 296.9248 ,   0.     ,
           0.     , 586.85177, 224.79792,   0.     ,
           0.     ,   0.     ,   1.     ,   0.     ]
