image_width: 640
image_height: 480
camera_name: narrow_stereo/left
camera_matrix:
  rows: 3
  cols: 3
  data: [584.46333,   0.     , 331.73238,
           0.     , 586.89741, 236.64656,
           0.     ,   0.     ,   1.     ]
distortion_model: plumb_bob
distortion_coefficients:
  rows: 1
  cols: 5
  data: [-0.341911, 0.110939, 0.000696, -0.001532, 0.000000]
rectification_matrix:
  rows: 3
  cols: 3
  data: [ 0.99962448, -0.01376011,  0.02369713,
          0.01410265,  0.99979759, -0.01434874,
         -0.0234949 ,  0.01467754,  0.99961621]
projection_matrix:
  rows: 3
  cols: 4
  data: [576.066  ,   0.     , 280.47079,   0.     ,
           0.     , 576.066  , 236.84586,   0.     ,
           0.     ,   0.     ,   1.     ,   0.     ]
