image_width: 640
image_height: 480
camera_name: narrow_stereo/right
camera_matrix:
  rows: 3
  cols: 3
  data: [593.12578,   0.     , 334.45504,
           0.     , 596.44504, 232.90738,
           0.     ,   0.     ,   1.     ]
distortion_model: plumb_bob
distortion_coefficients:
  rows: 1
  cols: 5
  data: [-0.361507, 0.144277, 0.001001, -0.000526, 0.000000]
rectification_matrix:
  rows: 3
  cols: 3
  data: [ 0.99769795, -0.01443122, -0.06626113,
          0.01385164,  0.99986175, -0.00919803,
          0.06638471,  0.00825903,  0.99775992]
projection_matrix:
  rows: 3
  cols: 4
  data: [ 566.57856,    0.     ,  376.40904, -111.86435,
            0.     ,  566.57856,  235.27364,    0.     ,
            0.     ,    0.     ,    1.     ,    0.     ]
