image_width: 640
image_height: 480
camera_name: narrow_stereo/right
camera_matrix:
  rows: 3
  cols: 3
  data: [583.50728,   0.     , 295.66544,
           0.     , 585.92358, 236.64099,
           0.     ,   0.     ,   1.     ]
distortion_model: plumb_bob
distortion_coefficients:
  rows: 1
  cols: 5
  data: [-0.331130, 0.075996, 0.002710, 0.000108, 0.000000]
rectification_matrix:
  rows: 3
  cols: 3
  data: [ 0.99915524, -0.01682198,  0.0374945 ,
          0.01627588,  0.99975766,  0.01482283,
         -0.03773476, -0.01420005,  0.99918689]
projection_matrix:
  rows: 3
  cols: 4
  data: [ 576.066  ,    0.     ,  280.47079, -114.49127,
            0.     ,  576.066  ,  236.84586,    0.     ,
            0.     ,    0.     ,    1.     ,    0.     ]
