image_width: 640
image_height: 480
camera_name: narrow_stereo/right
camera_matrix:
  rows: 3
  cols: 3
  data: [596.30499,   0.     , 343.09643,
           0.     , 597.78516, 254.61555,
           0.     ,   0.     ,   1.     ]
distortion_model: plumb_bob
distortion_coefficients:
  rows: 1
  cols: 5
  data: [-0.341700, 0.104849, -0.000196, -0.002562, 0.000000]
rectification_matrix:
  rows: 3
  cols: 3
  data: [ 0.99695605, -0.02233944,  0.07469662,
          0.02236247,  0.99974979,  0.00052812,
         -0.07468973,  0.00114389,  0.99720617]
projection_matrix:
  rows: 3
  cols: 4
  data: [ 582.43846,    0.     ,  274.35331, -116.14913,
            0.     ,  582.43846,  266.01549,    0.     ,
            0.     ,    0.     ,    1.     ,    0.     ]
