image_width: 640
image_height: 480
camera_name: narrow_stereo/right
camera_matrix:
  rows: 3
  cols: 3
  data: [572.25759,   0.     , 294.1267 ,
           0.     , 572.26124, 230.771  ,
           0.     ,   0.     ,   1.     ]
distortion_model: plumb_bob
distortion_coefficients:
  rows: 1
  cols: 5
  data: [-0.332474, 0.106927, -0.003741, 0.002347, 0.000000]
rectification_matrix:
  rows: 3
  cols: 3
  data: [ 0.99976717, -0.01078898,  0.01868684,
          0.01036898,  0.99969468,  0.02242825,
         -0.01892312, -0.02222927,  0.9995738 ]
projection_matrix:
  rows: 3
  cols: 4
  data: [ 586.85177,    0.     ,  296.9248 , -115.08099,
            0.     ,  586.85177,  224.79792,    0.     ,
            0.     ,    0.     ,    1.     ,    0.     ]
