image_width: 640
image_height: 480
camera_name: left_camera
camera_matrix:
  rows: 3
  cols: 3
  data: [432.6216857000999, 0, 332.2196676112407, 0, 435.1762259684355, 264.6336355982419, 0, 0, 1]
distortion_model: plumb_bob
distortion_coefficients:
  rows: 1
  cols: 5
  data: [0.07528145417548755, -0.09243884991863867, 0.002063048382678444, -0.005655295619675682, 0]
rectification_matrix:
  rows: 3
  cols: 3
  data: [0.9961379287068667, 0.004973541532887499, -0.08766122789588232, -0.005036476149866446, 0.9999871934839716, -0.0004967655804806546, 0.08765763457671555, 0.0009363507199584528, 0.9961502207738271]
projection_matrix:
  rows: 3
  cols: 4
  data: [464.689369772724, 0, 400.5023403167725, 0, 0, 464.689369772724, 267.5940933227539, 0, 0, 0, 1, 0]