image_width: 640
image_height: 480
camera_name: right_camera
camera_matrix:
  rows: 3
  cols: 3
  data: [433.5676916918186, 0, 351.6919311366212, 0, 436.4102797401725, 265.2254155298218, 0, 0, 1]
distortion_model: plumb_bob
distortion_coefficients:
  rows: 1
  cols: 5
  data: [0.06709537900560358, -0.07246563324232232, 0.002056369910591092, -0.005789849569253307, 0]
rectification_matrix:
  rows: 3
  cols: 3
  data: [0.9956082165262974, 0.008066625424275192, -0.09326954883342131, -0.007999652096063573, 0.9999674061043079, 0.001091922783037358, 0.09327531694755836, -0.0003410033527801015, 0.9956402959729211]
projection_matrix:
  rows: 3
  cols: 4
  data: [464.689369772724, 0, 400.5023403167725, -28.19199721692734, 0, 464.689369772724, 267.5940933227539, 0, 0, 0, 1, 0]