image_width: 640
image_height: 480
camera_name: right_camera
camera_matrix:
  rows: 3
  cols: 3
  data: [427.4564903394453, 0, 340.5077265260198, 0, 423.7068702843826, 244.1557715197206, 0, 0, 1]
distortion_model: plumb_bob
distortion_coefficients:
  rows: 1
  cols: 5
  data: [0.01152221491038855, 0.02226565516765598, 0.002437334808139778, 0.005600685044193966, 0]
rectification_matrix:
  rows: 3
  cols: 3
  data: [0.9993540818707225, 0.03593103662040597, -0.0006161620794877901, -0.035926082668362, 0.9993317653497934, 0.006733449856602269, 0.0008576901720154008, -0.006706964309462488, 0.9999771402373758]
projection_matrix:
  rows: 3
  cols: 4
  data: [463.4096336700083, 0, 341.1342964172363, -27.71528219120598, 0, 463.4096336700083, 245.9352149963379, 0, 0, 0, 1, 0]