image_width: 640
image_height: 480
camera_name: narrow_stereo/left
camera_matrix:
  rows: 3
  cols: 3
  data: [609.46472,   0.     , 351.80854,
           0.     , 609.21142, 260.09702,
           0.     ,   0.     ,   1.     ]
distortion_model: plumb_bob
distortion_coefficients:
  rows: 1
  cols: 5
  data: [-0.355716, 0.152222, -0.001810, -0.003426, 0.000000]
rectification_matrix:
  rows: 3
  cols: 3
  data: [ 0.99863285, -0.00827727,  0.05161306,
          0.00843316,  0.99996051, -0.0028034 ,
         -0.05158782,  0.00323482,  0.99866322]
projection_matrix:
  rows: 3
  cols: 4
  data: [608.49983,   0.     , 282.3507 ,   0.     ,
           0.     , 608.49983, 265.27917,   0.     ,
           0.     ,   0.     ,   1.     ,   0.     ]
