# oST version 5.0 parameters


[image]

width
640

height
480

[narrow_stereo/left]

camera matrix
588.550340 0.000000 324.314424
0.000000 589.380138 241.049073
0.000000 0.000000 1.000000

distortion
-0.342894 0.108126 0.001425 0.003513 0.000000

rectification
0.997647 0.023094 -0.064560
-0.023370 0.999721 -0.003524
0.064461 0.005024 0.997908

projection
588.989518 0.000000 355.243748 0.000000
0.000000 588.989518 250.076805 0.000000
0.000000 0.000000 1.000000 0.000000
# oST version 5.0 parameters


[image]

width
640

height
480

[narrow_stereo/right]

camera matrix
601.909019 0.000000 298.706281
0.000000 602.136530 251.109152
0.000000 0.000000 1.000000

distortion
-0.347872 0.114700 0.001970 -0.001186 0.000000

rectification
0.999092 -0.000393 -0.042610
0.000575 0.999991 0.004265
0.042607 -0.004286 0.999083

projection
588.989518 0.000000 355.243748 -354.643976
0.000000 588.989518 250.076805 0.000000
0.000000 0.000000 1.000000 0.000000
