image_width: 640
image_height: 480
camera_name: narrow_stereo/right
camera_matrix:
  rows: 3
  cols: 3
  data: [601.90902,   0.     , 298.70628,
           0.     , 602.13653, 251.10915,
           0.     ,   0.     ,   1.     ]
distortion_model: plumb_bob
distortion_coefficients:
  rows: 1
  cols: 5
  data: [-0.347872, 0.114700, 0.001970, -0.001186, 0.000000]
rectification_matrix:
  rows: 3
  cols: 3
  data: [ 0.99909172, -0.00039267, -0.04260954,
          0.00057492,  0.99999074,  0.00426505,
          0.04260747, -0.00428567,  0.9990827 ]
projection_matrix:
  rows: 3
  cols: 4
  data: [ 588.98952,    0.     ,  355.24375, -354.64398,
            0.     ,  588.98952,  250.07681,    0.     ,
            0.     ,    0.     ,    1.     ,    0.     ]
