image_width: 640
image_height: 480
camera_name: narrow_stereo/left
camera_matrix:
  rows: 3
  cols: 3
  data: [589.50999,   0.     , 317.89466,
           0.     , 591.89829, 236.28027,
           0.     ,   0.     ,   1.     ]
distortion_model: plumb_bob
distortion_coefficients:
  rows: 1
  cols: 5
  data: [-0.343105, 0.131345, 0.001552, 0.000426, 0.000000]
rectification_matrix:
  rows: 3
  cols: 3
  data: [ 0.99938786, -0.01183755, -0.03292087,
          0.01126556,  0.99978329, -0.0175062 ,
          0.03312096,  0.01712461,  0.99930463]
projection_matrix:
  rows: 3
  cols: 4
  data: [587.22666,   0.     , 314.67654,   0.     ,
           0.     , 587.22666, 237.84577,   0.     ,
           0.     ,   0.     ,   1.     ,   0.     ]
