# oST version 5.0 parameters


[image]

width
640

height
480

[narrow_stereo/left]

camera matrix
609.464715 0.000000 351.808535
0.000000 609.211420 260.097017
0.000000 0.000000 1.000000

distortion
-0.355716 0.152222 -0.001810 -0.003426 0.000000

rectification
0.998633 -0.008277 0.051613
0.008433 0.999961 -0.002803
-0.051588 0.003235 0.998663

projection
608.499829 0.000000 282.350700 0.000000
0.000000 608.499829 265.279169 0.000000
0.000000 0.000000 1.000000 0.000000
# oST version 5.0 parameters


[image]

width
640

height
480

[narrow_stereo/right]

camera matrix
607.439864 0.000000 318.375400
0.000000 606.033267 257.813549
0.000000 0.000000 1.000000

distortion
-0.351609 0.113132 -0.000223 -0.005110 0.000000

rectification
0.997339 -0.006480 0.072617
0.006261 0.999975 0.003250
-0.072636 -0.002786 0.997355

projection
608.499829 0.000000 282.350700 -120.987781
0.000000 608.499829 265.279169 0.000000
0.000000 0.000000 1.000000 0.000000
