# oST version 5.0 parameters


[image]

width
640

height
480

[narrow_stereo/left]

camera matrix
589.509991 0.000000 317.894660
0.000000 591.898285 236.280271
0.000000 0.000000 1.000000

distortion
-0.343105 0.131345 0.001552 0.000426 0.000000

rectification
0.999388 -0.011838 -0.032921
0.011266 0.999783 -0.017506
0.033121 0.017125 0.999305

projection
587.226658 0.000000 314.676540 0.000000
0.000000 587.226658 237.845768 0.000000
0.000000 0.000000 1.000000 0.000000
# oST version 5.0 parameters


[image]

width
640

height
480

[narrow_stereo/right]

camera matrix
590.952215 0.000000 291.808647
0.000000 594.047521 237.098618
0.000000 0.000000 1.000000

distortion
-0.344088 0.111250 0.003147 0.000031 0.000000

rectification
0.999844 -0.014723 -0.009781
0.014891 0.999740 0.017246
0.009525 -0.017389 0.999803

projection
587.226658 0.000000 314.676540 -117.186347
0.000000 587.226658 237.845768 0.000000
0.000000 0.000000 1.000000 0.000000
