image_width: 640
image_height: 480
camera_name: narrow_stereo/right
camera_matrix:
  rows: 3
  cols: 3
  data: [590.95222,   0.     , 291.80865,
           0.     , 594.04752, 237.09862,
           0.     ,   0.     ,   1.     ]
distortion_model: plumb_bob
distortion_coefficients:
  rows: 1
  cols: 5
  data: [-0.344088, 0.111250, 0.003147, 0.000031, 0.000000]
rectification_matrix:
  rows: 3
  cols: 3
  data: [ 0.99984377, -0.01472334, -0.00978099,
          0.01489052,  0.99974039,  0.0172459 ,
          0.00952453, -0.01738885,  0.99980344]
projection_matrix:
  rows: 3
  cols: 4
  data: [ 587.22666,    0.     ,  314.67654, -117.18635,
            0.     ,  587.22666,  237.84577,    0.     ,
            0.     ,    0.     ,    1.     ,    0.     ]
