# oST version 5.0 parameters


[image]

width
640

height
480

[narrow_stereo/left]

camera matrix
679.051616 0.000000 351.810705
0.000000 681.896212 222.502053
0.000000 0.000000 1.000000

distortion
0.108230 -0.646968 -0.003756 0.009082 0.000000

rectification
0.991991 -0.011959 -0.125739
0.013053 0.999884 0.007881
0.125630 -0.009459 0.992032

projection
744.877861 0.000000 469.487520 0.000000
0.000000 744.877861 221.476706 0.000000
0.000000 0.000000 1.000000 0.000000

# oST version 5.0 parameters


[image]

width
640

height
480

[narrow_stereo/right]

camera matrix
694.307357 0.000000 335.841354
0.000000 695.277857 229.323649
0.000000 0.000000 1.000000

distortion
0.088240 -0.316282 -0.001271 0.009450 0.000000

rectification
0.991532 -0.040560 -0.123368
0.039484 0.999158 -0.011152
0.123717 0.006186 0.992298

projection
744.877861 0.000000 469.487520 -79.031033
0.000000 744.877861 221.476706 0.000000
0.000000 0.000000 1.000000 0.000000

