image_width: 640
image_height: 480
camera_name: narrow_stereo/right
camera_matrix:
  rows: 3
  cols: 3
  data: [694.307357, 0.000000, 335.841354, 0.000000, 695.277857, 229.323649, 0.000000, 0.000000, 1.000000]
distortion_model: plumb_bob
distortion_coefficients:
  rows: 1
  cols: 5
  data: [0.088240, -0.316282, -0.001271, 0.009450, 0.000000]
rectification_matrix:
  rows: 3
  cols: 3
  data: [0.991532, -0.040560, -0.123368, 0.039484, 0.999158, -0.011152, 0.123717, 0.006186, 0.992298]
projection_matrix:
  rows: 3
  cols: 4
  data: [744.877861, 0.000000, 469.487520, -79.031033, 0.000000, 744.877861, 221.476706, 0.000000, 0.000000, 0.000000, 1.000000, 0.000000]
