image_width: 640
image_height: 480
camera_name: left_camera
camera_matrix:
  rows: 3
  cols: 3
  data: [426.4645522717138, 0, 349.9247116622878, 0, 423.6375991048344, 249.8041507040744, 0, 0, 1]
distortion_model: plumb_bob
distortion_coefficients:
  rows: 1
  cols: 5
  data: [0.0009413667684634186, 0.05847751883751597, -0.002073705712173115, 0.004207592647791139, 0]
rectification_matrix:
  rows: 3
  cols: 3
  data: [0.9997251305732371, 0.01696890265801283, 0.01617775147870359, -0.01685977643642067, 0.9998343431386273, -0.006858149828012446, -0.01629144680001516, 0.006583511459125685, 0.9998456111510565]
projection_matrix:
  rows: 3
  cols: 4
  data: [463.4096336700083, 0, 341.1342964172363, 0, 0, 463.4096336700083, 245.9352149963379, 0, 0, 0, 1, 0]