image_width: 640
image_height: 480
camera_name: left_camera
camera_matrix:
  rows: 3
  cols: 3
  data: [420.6287976432266, 0, 333.4395117157328, 0, 420.0364518670078, 261.4837580884715, 0, 0, 1]
distortion_model: plumb_bob
distortion_coefficients:
  rows: 1
  cols: 5
  data: [0.07523613777175973, -0.1653060584363058, -0.003519324274540882, -0.003034742777038343, 0]
rectification_matrix:
  rows: 3
  cols: 3
  data: [0.9970894311223824, 0.02250750158845087, -0.0728428357238366, -0.02323948044438389, 0.9996874402530204, -0.009216742864961137, 0.07261262213086001, 0.01088274655634294, 0.9973008437450915]
projection_matrix:
  rows: 3
  cols: 4
  data: [475.8235569553256, 0, 430.8461685180664, 0, 0, 475.8235569553256, 290.1485919952393, 0, 0, 0, 1, 0]