# oST version 5.0 parameters


[image]

width
640

height
480

[narrow_stereo/left]

camera matrix
420.628798 0.000000 333.439512
0.000000 420.036452 261.483758
0.000000 0.000000 1.000000

distortion
0.075236 -0.165306 -0.003519 -0.003035 0.000000

rectification
0.997089 0.022508 -0.072843
-0.023239 0.999687 -0.009217
0.072613 0.010883 0.997301

projection
475.823557 0.000000 430.846169 0.000000
0.000000 475.823557 290.148592 0.000000
0.000000 0.000000 1.000000 0.000000
# oST version 5.0 parameters


[image]

width
640

height
480

[narrow_stereo/right]

camera matrix
422.935145 0.000000 356.282395
0.000000 422.798916 268.561096
0.000000 0.000000 1.000000

distortion
0.034130 -0.041626 0.001042 0.000188 0.000000

rectification
0.996577 0.026458 -0.078323
-0.025669 0.999609 0.011073
0.078585 -0.009024 0.996867

projection
475.823557 0.000000 430.846169 -28.385714
0.000000 475.823557 290.148592 0.000000
0.000000 0.000000 1.000000 0.000000
