image_width: 640
image_height: 480
camera_name: right_camera
camera_matrix:
  rows: 3
  cols: 3
  data: [422.9351447661434, 0, 356.2823954274269, 0, 422.7989164928131, 268.5610962491994, 0, 0, 1]
distortion_model: plumb_bob
distortion_coefficients:
  rows: 1
  cols: 5
  data: [0.0341295053016383, -0.04162572101602331, 0.001042361728696934, 0.0001879949602711223, 0]
rectification_matrix:
  rows: 3
  cols: 3
  data: [0.9965768634408297, 0.02645837885954944, -0.07832310924983969, -0.0256686628793933, 0.9996091819223996, 0.01107263123269191, 0.07858546303497761, -0.009024278616913049, 0.9968665343941598]
projection_matrix:
  rows: 3
  cols: 4
  data: [475.8235569553256, 0, 430.8461685180664, -28.38571449777717, 0, 475.8235569553256, 290.1485919952393, 0, 0, 0, 1, 0]